174.7853046
670.147626
779.6093377
754.6518889
69.17730172
914.6165926
558.6870029
494.0261752
926.7838293
579.8449904
589.4106477
910.5236405
341.5270946
44.79658124
68.74141228
484.2975515
170.8393798
289.7913512
535.8243635
932.0823518
908.375963
605.13114
741.9373974
453.1226252
818.8704909
336.9165099
828.155694
941.3849924
123.9833003
242.1832904
809.4009414
400.2183322
992.2259662
415.1824071
196.6523845
633.6161069
507.9445055
84.05323173
537.8568593
383.0764463
320.8503323
403.3291532
267.2822337
690.0252602
145.1860475
160.4945869
226.0822832
822.5493393
509.6867995
955.0358123
899.8552267
971.7803089
355.1745512
418.2234896
653.6150504
883.2350227
212.1314687
429.7628206
857.4991017
785.8584782
603.3105111
940.5486411
665.5306455
314.3160665
204.9627924
161.823921
919.411924
658.7187776
636.5211836
557.5803511
907.9848095
570.7808241
469.0887046
510.7290457
400.0995858
379.4329003
389.0125393
83.89985955
681.3024444
273.9137923
719.0206459
226.5977847
2.986885896
389.4663373
416.4083701
14.34407077
547.6758763
944.9570506
124.2127258
920.9557241
477.0301221
86.3410914
425.3259088
595.8485411
638.5207399
337.0166094
661.1308295
769.5988957
571.7187263
2.517278302
615.0798166
43.69864662
692.7199058
612.1951641
1.988871353
140.1101166
916.0472213
576.824872
797.7306948
336.3309741
286.4159471
159.6938847
867.1395882
896.0690159
912.1238661
593.2017262
192.8568221
765.4762989
53.68174857
769.5193515
86.94087486
334.3447261
26.79839647
216.3863772
246.0720224
424.6307362
129.5148519
61.72924021
509.8227235
695.7937253
697.087731
800.8397647
379.0565578
922.4301683
921.8666175
996.6821156
64.58059416
634.9704163
610.2390342
405.4587701
325.8425945
408.4862215
43.97170491
428.0735386
92.17404858
260.9258504
213.6104108
889.2517979
248.8961728
27.30906744
471.3982088
900.7438575
501.3049377
878.2421284
54.95994716
682.4468679
6.45147449
707.6595436
9.234369534
27.22365007
931.7097256
177.5329157
267.755649
190.6162854
625.5090959
622.1446688
671.4746415
958.4165014
35.47170895
29.66496096
823.7631772
0.005015468
911.6999833
574.4502033
284.9140025
737.4951953
954.9806626
945.7606503
562.1355224
109.5505538
46.11039623
510.0947795
488.3107803
757.2870065
305.457739
954.9204824
75.42983525
779.5346974
94.96205634
502.9475953
495.4488151
544.9780336
789.7611705
692.284293
827.2525653
229.8013968
697.7510434
999.0068518
412.0886125
66.51806621
586.3295
769.8928188
110.3353038
729.2594694
580.0825466
229.3914397
623.4189384
285.2066153
251.5496272
918.5698391
70.8926382
101.5329408
268.0330817
623.0370635
994.6974491
470.4092844
713.0526377
936.1350677
242.4684066
544.0509875
225.192685
846.6822487
330.7286426
595.9596147
88.90088113
667.4804531
973.1845786
749.7750792
267.7767657
102.8264531
497.834222
413.1355782
312.7979021
634.5633836
637.9912862
399.1539045
95.83704351
51.41192913
908.7053441
844.7639951
97.44604981
654.7857256
812.8789252
204.4004322
406.9259036
100.1741896
31.14452982
696.3048102
673.3117642
787.1049081
200.5507223
493.3360811
265.0603277
1.252440054
636.4728232
972.9143256
460.5726692
421.7060189
903.1801901
859.6106522
796.3411159
401.5941702
587.4803139
943.8612194
672.8035465
38.62936906
45.62923401
693.6783939
309.690539
527.3391873
256.7664055
102.3709271
220.3492315
205.0927427
431.2594131
301.7892262
58.832628
634.1200223
542.430236
50.2594671
836.4347584
995.7292354
692.9510738
460.4295776
417.2486621
350.8659681
217.5436265
611.5746475
462.8355731
419.3891125
914.0952765
698.620283
831.6029885
251.2398316
665.8504067
138.192653
161.9456764
849.5112848
366.2228155
753.1208703
828.5954427
707.879842
128.4697318
778.4859066
311.7898364
254.9895424
639.0085049
318.4704218
285.4382823
408.2594887
685.1367252
918.8668667
510.3187256
980.5396379
191.9617022
935.0191913
409.2636139
466.5756831
127.7549849
336.7043924
787.6111698
320.4667061
342.4370042
395.9245558
919.2236729
347.4123576
415.863962
671.0154894
911.3329041
881.3876957
68.74658028
295.1080435
733.5835773
891.5268725
642.2922131
844.5729341
253.6065006
337.5176526
764.0811861
95.53771803
245.8472948
15.66322595
808.9028555
257.9552193
251.3523769
98.90114913
853.8388273
94.38828315
504.2350763
657.565403
881.1443368
800.1355276
637.2846956
760.8656741
78.89450143
714.3257485
574.5411081
626.4190436
220.9005111
436.0609606
561.2810966
715.1871291
194.0276033
369.6501683
328.1265571
575.0817953
141.8960539
294.2760012
800.4476499
870.990544
895.958963
613.3237793
761.1250283
294.5851972
834.3003267
344.4129933
587.4954634
652.1546467
456.717872
191.0135421
428.7463992
47.82265948
753.5300015
322.3685318
866.6085844
190.6257257
555.2159581
468.1220674
102.4989109
133.9216323
559.4067455
857.62159
885.436996
599.1447009
104.4819918
514.4078195
95.83906256
347.7266563
165.6903767
308.495897
100.0581961
731.8441508
745.0909709
125.6472918
38.30186812
503.3765727
760.5445564
468.6016584
738.3590127
693.2795043
523.6108378
944.2168744
500.3115165
83.82685523
47.64786741
900.9679114
371.5677438
462.891119
717.4917176
0.323031065
671.5411443
375.8542226
895.2982386
316.3443227
186.3516676
983.1568583
285.497375
751.3864171
527.797526
52.23068019
56.08320708
588.2012626
206.8188262
82.33211395
886.9458286
244.2972738
611.8377572
156.4288178
117.2854871
224.9536004
390.350557
2.757755824
120.6587011
303.0447215
918.5023611
74.8497981
658.65301
922.9695179
521.8440959
669.7527275
484.3471419
370.1809064
97.76088878
994.8252616
48.63587988
305.6938234
274.5107856
18.09311058
704.0702737
80.84580074
609.5483447
28.931197
286.0582246
470.0012678
902.7498962
492.7718267
159.4267584
20.55280424
804.917747
884.6887462
584.4294117
685.0987401
57.1750385
131.0292086
634.2275632
256.8291181
709.8344478
906.4049867
37.84437524
823.71029
979.15321
923.1404643
254.7254657
912.819129
342.351257
574.5160359
767.2358994
937.7517877
703.9721588
622.6995773
217.556418
341.4967852
562.6234775
846.7159957
153.5026161
337.6875953
305.2046925
420.214532
156.9063027
844.351294
98.06924625
325.1879676
495.6630807
54.99100423
586.3139751
335.6558709
326.0751166
644.8209162
716.4338351
780.6299769
261.4447284
90.73433925
413.1713888
381.5704715
664.8714487
843.0236629
670.5552542
22.20386826
90.73029271
764.8694342
666.6521925
17.90051135
250.6532468
169.3858094
315.7655472
706.5943053
520.1449973
203.0031407
988.5764683
952.5447765
629.0236531
824.8575088
830.6129315
931.23502
394.584112
255.1286368
461.0474804
965.035911
679.4026415
339.5594826
634.7475361
709.0817147
41.92457144
967.5440882
363.761781
368.352209
113.4438287
54.13589384
791.2612705
5.327520046
747.8063141
148.2278371
871.1780739
551.324675
64.12224957
706.1103222
987.5788244
808.0665609
324.0993803
861.4926653
804.007996
368.9292587
314.5214003
569.8978762
231.8413147
295.7202338
984.7774074
878.5323881
596.9054211
999.5550815
7.346357624
996.6841703
149.145094
601.51785
97.26998404
244.6083834
485.5297581
242.8872619
327.071358
625.6849901
777.0081692
944.7134832
439.2589961
724.0393433
667.2282306
26.91647105
234.7384058
999.9882478
841.0587337
234.7711212
201.9112766
247.2815374
575.2534572
847.3490088
511.3728296
506.1542732
784.5676407
620.6820801
58.86093981
154.8510025
236.4144232
746.4619023
13.37589941
119.2012112
363.4823621
383.665758
720.0338694
855.3210394
571.5754581
775.5139859
649.5237876
718.4358699
246.8731813
302.1687135
271.1453924
408.3056004
885.9230508
924.534169
141.5188825
222.5222636
159.8505224
669.2542125
646.2418274
950.0144305
821.8494741
755.4468146
103.8881512
704.4237915
760.8385177
582.5701192
317.5974855
556.0880494
712.4254241
539.7351664
132.5929636
295.0030052
584.4735427
514.4705283
506.2015108
889.92295
736.9941508
274.3194195
833.3886061
56.95641157
779.5056652
803.8748481
837.4290678
408.9300439
430.556619
974.0683389
123.2681298
100.3193749
506.6297831
3.197139469
938.2648154
49.2168727
120.9208167
92.51139318
772.5412488
784.3417472
828.9482698
399.1969505
119.9677559
269.1997262
934.7376695
673.5659135
287.0411794
530.8686242
262.6699569
72.86227208
241.3366052
813.6207648
751.7057507
621.5261427
13.85582131
795.7246418
265.6858842
878.0051344
64.56479408
225.2862971
836.0292544
365.1338434
986.4289222
505.1418852
839.6967329
309.4981073
388.7404479
432.5266701
76.0743579
607.1377673
229.2791215
76.33659298
106.9732351
10.05231919
116.6780655
273.1480268
129.8304614
335.1125832
821.2915826
98.93350067
669.2028528
610.8242564
356.3901674
446.9369266
704.3687863
508.421606
373.8065955
331.3276974
407.7744714
864.8387479
921.2360829
789.4387579
64.29410165
753.7921362
360.281222
758.0804084
957.9211575
747.3366666
666.233185
458.8551257
71.69596707
463.7360907
88.67685104
114.9335327
722.1603636
71.24554822
871.0649806
268.6850721
674.4989019
315.3384409
652.5159694
623.7883548
827.9370224
701.4208544
161.678287
973.3861387
752.823537
762.3776775
340.8248481
561.1111804
285.92859
418.0673382
196.351918
470.1717548
456.2254244
667.4705764
255.3173289
184.5990281
454.1959083
800.2462693
175.8594
610.2023906
681.3077802
302.6307923
576.1801193
975.506948
21.5541212
369.5180676
715.4568587
625.7581877
193.9808137
87.14613907
148.6298447
926.7693247
399.5764731
455.0634612
757.6811014
720.4147857
853.9171453
865.3762933
82.35460592
998.0536646
476.530883
209.8425455
558.2226636
1.804503108
719.1996412
147.146798
811.9272834
647.7563406
178.5231185
481.0451648
182.7990224
298.9716632
321.9817473
772.7680588
639.5149936
766.8100302
312.2413315
124.0654739
333.2296403
776.510757
780.3878004
264.862859
985.2236721
737.9444565
988.9418549
24.11339737
850.7470091
153.7050666
715.1911243
663.773286
707.3451101
413.7900079
639.6819114
519.5413904
395.5557141
119.1276886
313.2025436
955.8051961
764.0286836
550.4664522
396.9593227
429.9693583
331.5606115
506.914933
842.4604355
111.3171938
438.5409246
209.6615982
792.9476366
602.0264584
105.6253743
168.569762
5.41084455
952.5769602
992.0624713
575.2618574
102.9444277
281.323482
729.6420818
779.9437935
347.454335
912.2787041
79.60558264
623.6674787
908.7342598
75.55837666
821.9893784
178.0967424
861.1778967
686.9223501
353.0668855
773.6349171
287.1745911
852.6219648
283.6697154
821.6890142
185.6250586
491.9210927
390.4858699
101.9427317
619.9226198
21.50490595
986.0268767
333.5941556
885.1636792
548.3852956
773.1102434
967.8462497
401.2280954
39.53493446
810.0237374
653.6840732
741.2261583
427.7494563
688.6699578
22.57830844
636.4261787
1.986886296
499.6093649
801.6675984
212.0355087
480.2442262
945.4324708
424.7168428
179.2353192
937.7222079
314.7968513
278.5583222
325.781068
714.4814845
88.81247268
152.4955898
775.3968622
940.4099727
450.3121809
665.3454103
521.6485952
452.812711
850.2140265
152.5016842
49.00986699
661.4565305
356.2149633
425.6782375
616.0483395
159.7275584
186.5365166
519.9375862
336.2072174
415.8182896
307.5761292
549.5865267
814.8616342
798.2043393
615.495185
926.9355071
359.056162
307.4537339
389.2434256
421.0247138
570.775476
911.6659473
874.0918371
518.4426134
71.05810889
254.0739926
63.84307439
444.2823817
530.3775826
932.6001627
312.0628006
441.9247248
842.1534315
126.4006458
625.4929137
150.7978054
636.3206615
168.268125
703.6791795
121.5985641
599.907604
574.9449666
527.9752582
159.7969191
439.185721
129.868387
492.9057865
809.650379
252.5454507
771.9559701
692.3768819
186.3735061
142.28222
67.29254516
478.1262191
635.957115
271.3574399
794.8905466
69.10888857
71.42419118
839.7437249
400.6452052
876.3092027
514.6820249
201.233801
251.4452978
419.4503156
925.9534312
682.8841239
680.7336198
242.8881488
545.7929516
995.9882777
740.7356511
82.04302188
658.5387502
980.1742565
308.8071668
361.4299235
886.0674544
982.278082
225.8143719
802.6261858
963.1969969
763.8564621
975.2798907
389.6179803
713.7724413
114.851648
113.8377447
806.036813
83.89217292
730.0120308
4.534454011
720.9827976
847.2248845
715.2478309
640.1136409
595.6925387
253.9063953
85.08708326
806.4144813
815.2219647
237.8515151
893.9728788
111.6338753
978.5463117
468.5364697
275.2843816
353.9811164
157.3445637
504.431725
942.0594989
681.7104759
759.0414887
958.0645251
821.4237872
750.1469858
26.21726879
110.4071
499.7172261
837.1221523
637.4635353
238.7570828
835.1465322
412.5799676
623.0309127
657.0450124
65.1661022
102.1638289
416.8192094
715.5419434
408.1352351
985.4783696
221.511426
885.0628058
669.9505894
135.5414897
283.2932525
364.2030617
914.0298595
925.1408897
869.3746066
930.9901382
765.3603094
212.2647891
360.1638902
71.7454168
324.6617908
822.610969
103.7972235
566.8731528
237.6181467
968.5095907
619.2263594
412.6474241
411.0100272
942.3212407
619.659715
71.62177255
409.4682809
327.6313047
867.6799627
464.9098066
749.279738
297.101432
539.1645068
487.7606792
797.2456253
710.9383451
752.1229402
130.8550582
72.84588904
498.7793304
753.1832372
440.6466121
861.2119077
428.9710277
314.4037286
511.6772037
62.88694307
331.613707
568.7027124
637.7376727
337.5139969
414.8671936
549.149618
173.0793229
846.7197807
763.6458038
416.3437909
355.9272024
293.8250158
393.0566341
617.8675429
287.7724378
538.5310527
422.3188806
354.1515053
850.8333565
802.4949312
603.9795616
19.0993715
567.7185183
257.4401599
534.4210744
340.4844147
570.3327893
705.6316177
605.9332116
377.1668112
256.6877539
281.8747513
226.1477747
217.8093763
384.6686064
742.5989109
179.0855057
655.0512833
942.5283067
301.6182672
111.4948148
167.5323523
572.3964803
152.8820843
331.2709173
792.1620711
916.1747697
717.7966303
335.4767676
493.5004486
663.0970387
617.2429489
143.7149913
475.9781834
464.3329285
885.7808525
200.4451938
437.5171439
34.27657002
522.0149287
277.6667561
835.1075183
341.6940055
443.8988092
585.4068093
897.6798753
971.2235017
696.7449795
203.9794841
56.57216076
63.60216788
199.9888835
307.496299
722.5726434
612.845595
999.2046189
408.7846093
33.11600145
454.9634499
629.9102341
513.2019201
71.68304034
508.059971
952.9515166
455.4776143
668.9959268
365.9216988
689.2204423
639.5779018
681.6946975
589.6498204
85.81363806
72.0528017
332.99496
47.6589226
198.904015
368.1607285
258.40165
917.7846386
238.0483001
342.4334118
168.8237326
662.4694337
475.4579322
11.59385501
632.5375765
631.5552748
655.7397326
83.30061573
215.0327722
81.34966711
379.4543686
718.8083671
691.5322732
948.1002444
840.8222864
900.1551463
176.3937079
409.1048148
220.4747885
892.4213963
958.8833577
87.80062817
386.1914841
965.8330227
306.8144235
464.7319059
188.1379351
46.5666434
33.5033603
687.3016141
760.2142625
460.8185155
266.4368132
107.7261223
536.8469676
73.13811027
664.4036878
829.9491235
976.9579675
687.6510273
181.3233074
117.5416901
845.4566579
950.7284281
383.9084975
828.3288646
100.2712827
3.723701082
750.0511232
860.0489718
908.9814367
413.6551043
385.2237673
147.0262649
569.9419317
380.316477
812.8904333
505.7982163
913.4048898
816.1309295
123.4047616
524.9348608
377.2696337
560.2118671
467.2629545
635.7365866
754.2511813
292.115392
870.4836594
294.8944661
235.6074609
907.3048965
381.1324129
746.9821393
146.690602
168.4913721
646.6689357
977.0759716
264.1253783
704.9970951
353.8979841
126.974784
572.0222575
334.1499684
938.9098673
478.334012
474.6470361
49.82372895
124.3118324
691.7452248
990.6949493
340.5904318
943.6338905
412.3584504
862.6253166
614.0844174
228.8485251
602.8321005
810.7433137
524.9646085
864.5523941
775.150566
510.7480941
524.1454973
359.3218668
503.3209525
651.3341153
172.9452331
2.997883503
500.4670429
320.0059865
138.5961919
880.6489344
574.8228793
154.4035913
190.7073008
742.6383167
902.6922222
446.5088988
22.52872592
741.6244563
586.732234
49.64173415
56.95351099
73.35191732
155.7168061
407.4923183
641.4385039
917.8868221
295.8387599
782.3982018
616.6101036
41.33908361
337.7474503
353.003466
723.5611217
176.5890168
75.06638141
612.9169685
93.06589207
225.3749695
701.9656294
664.6457655
6.199404727
312.1869084
929.5025431
751.9573857
896.8950631
806.9205633
473.2408169
719.3474471
386.0731941
555.7489644
467.9839738
105.6782407
353.4372111
775.4408376
219.8500567
411.6912661
162.5174689
494.3296698
967.7519601
188.9932816
580.4992124
805.5779761
558.3084014
625.1511387
967.8576477
174.6768287
983.5781375
662.0945684
519.083014
22.72116018
4.209820582
494.9613103
966.1583327
300.4811586
128.094644
115.639404
880.6561343
689.1371628
404.9316763
566.7996902
757.6616643
834.4478544
577.6162862
580.250486
712.0154074
227.529195
370.1566268
561.8105501
912.6208481
742.6046023
396.299248
377.5883435
827.4059392
821.0004922
708.8141454
943.4144099
638.5550208
653.8356122
410.2269224
81.73160367
588.0890653
938.0747261
237.3974135
840.8380813
173.7486514
956.5761039
908.6515459
720.9194533
638.289055
382.8729015
175.4676467
58.02943903
686.0540417
523.9035669
797.5570454
130.0606511
249.948218
120.3031042
160.1801847
842.5871055
988.6522083
942.634497
354.8638245
156.7640168
480.6154742
458.7247893
779.4113913
49.62843718
642.3135595
178.2483361
691.655486
678.101887
315.3082572
360.5490961
59.97308806
87.80802342
276.7843335
851.9124316
84.77604587
469.812644
423.2867362
16.50363963
63.31719543
321.006027
829.2506223
693.9080851
49.05570893
996.0668926
844.6628756
728.0756998
494.1218157
794.9029332
487.354314
655.3354161
37.10430362
414.2318219
268.7030027
187.4668529
166.9427399
139.8616122
803.611492
645.2411862
918.3025242
831.1505958
620.6040738
903.8599795
189.2225397
520.7859028
896.5614693
238.8093558
637.8047248
276.1368516
756.4812921
728.6315809
916.9238504
265.7211487
235.2862866
919.8294472
737.6689079
874.9199719
8.389942676
958.2877234
240.3873229
381.5697909
98.64616057
673.9877874
943.783807
878.313572
577.4581314
579.7429404
64.70108868
32.47032921
820.1569918
763.6446377
928.779953
492.1715627
269.6653175
4.666456724
120.5453704
302.2089703
340.5072827
614.7836192
587.5729893
532.044982
516.8411747
169.241229
647.2152404
205.6190903
426.1341041
453.2592373
635.5481567
771.9552386
274.4702664
118.8582144
741.4568326
31.16098641
366.3426757
116.6221171
89.13569093
430.3090786
32.85893249
46.4318381
57.73690361
126.5360948
706.1266863
98.53720704
76.73541181
260.9835832
212.1618919
626.4180919
654.063802
587.2328899
660.823713
762.3261199
231.6410559
506.5290477
858.358177
104.1993365
794.7107513
979.4267797
984.3318358
280.6886546
530.7159956
522.8317957
221.2204042
568.3369801
217.3586023
201.8784817
476.4812359
145.4476073
357.4875912
908.6496765
594.3357358
821.3528572
374.3892803
988.1194744
954.4302431
931.9870059
305.486229
643.5945368
943.365436
95.58749363
883.3620128
12.65402886
145.5661374
248.8588079
586.393087
319.6074454
821.0448379
609.0591833
271.758336
427.8815183
372.9809241
276.4568082
635.5908563
869.8404038
44.19125637
761.5657193
724.7019572
97.41598428
204.903325
163.8551809
570.6309251
934.2843201
306.5235928
278.6974735
378.9005231
626.9501403
263.2821425
639.0999392
2.449135495
562.0080778
959.4864661
541.9753551
289.3588356
784.4617367
534.9989025
577.5810388
485.4041031
450.8526806
934.3310087
250.5781557
502.3947843
81.68067372
617.522131
951.3313347
763.1900557
260.5514391
698.246656
190.3661129
449.9804813
714.3380271
494.726376
159.1316879
569.8684427
909.713466
98.5942497
610.0982137
276.0998708
838.0799824
938.9321501
116.6120363
179.038684
376.1656347
779.4734272
63.70524451
226.2117523
50.11396825
88.90921678
645.4686602
28.08489152
377.1457731
1.61517816
259.6862648
916.3908153
666.0439334
701.0473684
689.3543773
706.5484179
544.1329568
575.4907842
558.7547999
858.7572531
605.879584
594.8932186
533.2648032
699.7274702
31.06138832
838.7977052
699.5505591
187.6238803
811.1173816
640.7364947
408.1337892
842.6063232
588.764312
780.4066471
713.9717863
695.3002514
835.6100939
52.13631172
890.6241868
327.0934511
8.983641379
972.3541029
53.50176486
919.7449633
678.686334
27.03037856
304.2819776
482.493501
977.5831441
300.0375392
405.4539104
95.68530483
743.4356671
18.60171024
893.278332
27.00451659
189.3133654
705.6930263
721.6544364
713.3325867
51.95978862
18.9398683
760.4520491
206.7131761
323.6240107
622.1845036
613.4139572
814.511681
54.89594591
667.5436578
804.6398648
362.0236774
795.4653725
321.8333818
375.9064285
580.0326178
347.4142752
495.2061847
75.89241114
973.9443344
578.0719803
501.0747536
446.9240295
563.0388662
861.1295128
213.4562934
250.5436567
513.2929422
78.58661431
590.4555816
357.2066134
446.9519596
325.9610977
750.4041912
227.8398004
969.0529836
809.6594634
296.6167462
473.0421007
800.2278599
234.2079924
911.6434405
779.4010041
790.2496121
677.4953604
119.3642414
988.168336
168.2052997
165.3179493
218.68664
363.1452836
774.9540923
235.1116212
680.8043856
386.4198347
975.6539634
861.4362742
739.2293296
156.2713332
526.7944109
606.7779444
626.4995384
620.663429
660.9530552
334.456926
874.541903
462.8593706
652.7076619
250.7530196
224.972231
26.78487276
614.5559899
686.4927084
366.0055103
26.86128339
219.9621861
27.51720111
309.5692962
138.5229654
474.9892449
445.59604
66.38891578
58.93171194
912.8738183
324.3773905
584.7652966
158.3783296
164.4700734
300.6644698
620.5816006
620.2724174
841.4332478
850.5894176
849.4308219
904.8644235
20.84056534
73.05048923
711.5289016
866.2465096
233.5551202
891.6060137
544.8383046
565.7731579
890.32062
216.0361569
556.204347
107.3018881
836.7257058
237.6515222
759.6414228
448.7163762
985.1653572
58.03189528
21.60249655
906.1810364
805.7559157
737.7048933
181.4067832
873.0470894
855.6062705
891.1432178
84.73423317
32.58493973
525.3597239
547.7259061
676.4266513
574.8315281
998.6757412
162.6217248
654.0460642
116.255389
883.1636508
396.6978836
806.1531024
752.5014565
266.7929429
442.9907781
453.9441964
24.59190753
396.6794689
151.3618646
109.212412
116.4630553
788.6968927
871.2871309
945.9425772
812.3381954
550.2270653
682.2478621
662.6605747
886.1806615
200.0847151
617.297358
385.41989
753.4607801
701.2123512
777.2623627
305.1102029
734.3038497
384.6443985
418.7172212
160.6768947
81.04567501
797.523858
449.5385539
869.7552954
812.3047736
756.9946047
195.3109284
269.3091087
469.4497598
607.721705
934.4089248
121.2748993
513.3833232
648.0134687
685.5232651
910.5134197
254.9623452
563.6740189
126.7802577
274.7598918
200.2465108
442.9412
377.0263008
587.2062433
252.2707601
77.22495453
766.8356539
674.7641747
402.2167826
440.7189819
295.6717786
733.7228516
825.3846366
51.62357446
153.9283921
909.8737238
762.5893016
17.58217366
500.1842716
456.6505041
150.7350417
312.2959221
190.2280569
541.4187174
990.4283149
141.4191893
380.3054854
858.2374911
677.398533
708.9295911
835.2903171
410.3618777
220.1353144
691.6775609
337.7605321
276.7438872
220.5698621
612.4317106
957.9414569
770.221742
736.3999912
300.6032173
558.7224416
403.9992267
562.8722488
899.1948733
882.4595274
365.8041549
466.0870864
336.1143668
908.2163999
809.6187153
538.0563815
711.6248112
678.8469035
858.7926642
588.3983255
527.1243204
336.4686619
48.55343662
464.2153363
538.7774773
679.8242042
209.0844055
173.6696744
450.856301
117.7498493
96.40141283
38.49948417
425.0303301
33.34911787
419.2553891
861.8252233
669.0514276
958.7332421
436.6204528
138.143176
727.5628306
516.7242144
227.0588907
339.6943844
635.8201529
903.8699765
795.2052157
152.2282261
516.2641631
617.7215956
969.1845822
41.14629385
44.82292292
928.1068813
292.3179874
935.7315089
466.0535469
986.1437746
6.503451854
799.6447615
421.0142031
242.6505859
999.5840052
783.2579983
452.9411978
742.0643903
377.6432766
385.6686552
290.7327984
301.9731285
506.7019343
628.8376262
178.21985
222.9565934
818.8490337
303.2621943
462.7124295
865.279192
863.7430204
102.4176668
762.1616638
430.3880602
327.9200053
486.3021282
863.5654805
311.1465877
931.6180405
950.4495232
919.2395638
320.0956074
977.238362
1.815593185
931.6045236
278.3219486
353.1445827
576.4964507
506.793361
568.2966993
87.14560812
579.6267868
536.3825103
897.3063843
422.4224178
185.4700309
471.0484128
421.4840931
640.1874668
803.1609977
14.45177517
876.4270125
574.2251117
246.9034933
250.4914203
468.6332705
328.5484483
66.75898786
57.29648464
575.9010376
814.7055152
166.6053504
114.1554733